397
1050
1086
1089
1084
1080
1095
1077
1089
1082
1072
1090
1072
32
1086
1088
1073
1080
1090
1072
1083
1085
1072
32
1089
1090
1072
1085
1094
1080
1103
32
1087
1086
1083
1091
1095
1080
32
1087
1086
1074
1088
1077
1076
1072
32
13
10
1074
32
1086
1089
1085
1086
1074
1085
1080
1103
32
1097
1080
1090
46
32
1048
1079
1087
1088
1072
1090
1077
1085
32
1089
1080
44
32
1079
1072
32
1076
1072
32
1088
1072
1079
1095
1080
1089
1090
1080
1096
32
13
10
1072
1089
1090
1077
1088
1086
1080
1076
1080
1090
1077
32
1086
1082
1086
1083
1086
32
1085
1077
1103
32
1080
32
1076
1072
32
1089
1087
1072
1089
1080
1096
32
1077
1082
1080
1087
1072
1078
1072
32
1081
46
13
10
13
10
1059
1087
1088
1072
1074
1083
1103
1074
1072
1081
32
1089
1098
1089
32
1089
1090
1088
1077
1083
1082
1080
1090
1077
44
32
1089
1090
1088
1077
1083
1103
1081
32
1089
32
83
72
73
70
84
44
32
13
10
1072
32
1084
1086
1078
1077
1096
32
1076
1072
32
1089
1087
1088
1077
1096
32
1089
32
67
84
82
76
46
32
1050
1086
1075
1072
1090
1086
32
1074
1079
1088
1080
1074
1080
1096
13
10
1084
1077
1090
1077
1086
1088
1080
1090
44
1087
1086
1085
1103
1082
1086
1075
1072
32
1086
1090
32
1085
1077
1075
1086
32
1089
1077
32
1086
1090
1076
1077
1083
1103
32
1073
1086
1085
1091
1089
32
33
32
13
10
13
10
1065
1077
32
1089
1077
32
1076
1086
1073
1083
1080
1078
1080
1096
32
1076
1086
32
1089
1090
1072
1085
1094
1080
1103
32
1089
1083
1077
1076
32
1090
1088
1080
32
1084
1080
1085
1091
1090
1080
46
32
13
10
1050
1086
1075
1072
1090
1086
32
1076
1086
1081
1076
1077
44
32
1090
1088
1103
1073
1074
1072
32
1076
1072
32
1089
1077
32
1089
1082
1072
1095
1080
1096
32
1089
32
1085
1077
1103
44
32
1079
1072
32
1076
1072
32
13
10
1084
1086
1078
1077
1096
32
1076
1072
32
1087
1086
1087
1088
1072
1074
1080
1096
32
1097
1080
1090
1072
32
1081
46
32
0
